508796
157060
786837
158097
925122
811975
426181
862774
567669
557061
617651
924948
524948
679801
522353
975842
890763
901847
274737
272342
246145
967366
130176
932317
638975
680306
966573
230503
890422
726717
519616
623186
680926
976192
793744
894684
793915
978931
718312
509135
595346
832362
648012
146162
967480
131978
109259
399823
370091
112925
150360
299637
254071
909448
345875
495524
593440
157199
218585
46014
306488
906139
659501
474029
339942
864923
248782
992224
964510
657823
355065
754304
793585
51424
416097
904869
418667
695299
921854
696598
261941
838366
51400
171964
874570
410726
912616
130259
417960
541785
680318
683411
594147
532683
615894
969834
722513
785986
659444
543140
881059
543738
95962
82978
140119
873187
828352
548719
330244
719520
685933
676020
864701
653978
588021
333737
163854
941443
149732
609898
825725
432621
459033
850235
543502
718396
310715
486085
143916
716596
906217
916569
66785
484044
450201
493020
206578
654116
971349
636619
678116
287186
982009
706401
915630
431631
595653
53567
993528
722747
541898
719246
459256
433877
893353
267392
489034
126006
499646
797582
893549
928660
677216
120546
487757
146428
586664
244479
611014
957062
853217
89128
497964
84379
426989
430456
710397
442036
395240
223312
429061
853140
525897
394973
701500
323920
737710
701842
868816
781031
903378
910580
871123
906416
97423
940858
205129
777517
513778
932166
703799
966518
949936
439498
712818
275750
995056
934291
924428
920730
249516
422121
647756
652199
331164
798416
689617
220675
815387
854815
810706
576443
23334
385824
257619
914453
198108
843994
534886
839493
11336
332827
758133
268758
787696
798902
942400
956452
114489
25362
231981
91052
401072
366961
798313
355270
406585
621237
263669
845089
178070
682642
617315
625411
38081
539711
632470
639477
491442
574963
852408
932146
842005
988633
735270
488615
96896
772495
523611
485552
147113
929911
779595
341799
439450
674124
97116
673062
386973
554742
73838
627976
935213
710270
797377
718342
547725
801731
795264
170797
689484
386165
187736
969863
933458
839360
846560
284609
447641
635294
401169
574310
88323
512240
924604
754731
979042
265541
705020
157291
776343
456232
491810
445002
271154
603604
10876
592591
16200
86669
364480
868454
855697
208632
609018
146546
580614
903369
934150
694978
389172
637296
845098
663816
536028
969920
772871
43060
587212
243511
672922
883817
672260
793441
880692
258796
832677
673647
739349
138611
797859
697522
420743
255988
459556
242509
790896
649305
43933
100706
919107
533852
54
494784
747120
975680
335608
937949
961807
107538
396131
446002
240656
39720
269269
512192
490562
516562
654479
434641
917104
816527
826966
220126
630907
948171
711165
155577
816202
733112
908022
511701
787497
977239
807442
88189
940478
579118
543064
849520
631119
806497
929145
898582
572535
108361
473898
501985
315784
132090
884444
229366
584483
708241
530581
480792
677506
441655
929854
579307
349930
742186
963812
544085
692871
970555
107788
858033
973740
136410
889718
862354
654436
960757
937080
947278
895071
993168
55577
346373
946647
19166
645260
912723
779869
475139
828479
949381
645147
199852
916718
997129
820057
102987
899628
354334
971460
464636
746910
781308
618792
563412
488153
947004
77721
61255
962395
525803
322538
745953
731316
829824
364474
779688
869701
919732
647345
559095
596928
451449
560713
822954
715157
751539
522767
397537
806105
784516
815081
891208
494517
629999
484910
232088
354435
292535
650537
250142
7275
598115
443573
810144
545609
999744
441353
740762
146830
53505
366563
211364
891554
753404
536687
76662
341823
825218
443296
42787
233910
615659
725263
447490
875941
582838
921491
106358
605868
500422
413413
399677
298471
143660
863420
615232
611762
803622
159101
759026
514982
606494
554384
399229
654191
103749
559019
692874
911045
68966
786185
664315
618624
489396
815002
932571
134484
773624
958057
913911
363048
917314
989178
926602
812905
261722
928514
862017
983606
657514
467193
432033
756016
816127
786681
347757
914990
843240
197024
970331
956595
616713
413295
839547
737438
997316
891045
385091
927091
332667
755708
179274
887167
236657
987078
402804
756592
699290
632698
671691
647609
377301
30166
821691
908748
307202
265092
771658
367789
532158
809198
599478
981370
657446
479692
316718
646597
621547
854481
2431
512845
671609
252477
893015
621418
902792
890931
553389
229994
756182
911334
604654
151834
106597
910875
325931
94686
427214
974309
828183
86260
654955
299773
921670
895542
792025
912775
801750
40067
219251
752682
823046
917671
667130
446672
832332
376807
626819
454802
263779
741191
23679
498986
393819
783203
87440
973266
819395
870646
248451
631659
560747
341004
240732
202266
83348
486322
594170
743043
935460
239992
140036
992978
774883
833022
888986
593622
205627
820171
542745
409708
692353
77327
824223
909884
641205
994181
538137
710533
880079
307631
935105
665842
837113
516452
917732
912899
869969
693620
787021
784106
43582
894043
295315
910412
972392
449472
406054
18385
33472
919613
610781
480694
991324
472987
886395
762793
839185
861345
688900
975030
689427
932164
284194
971530
994941
608396
356623
242534
317620
857426
348098
834059
604572
951261
758543
812069
979824
908943
657211
538096
688655
959074
655531
783104
798965
520935
979207
160085
529122
367360
311256
826085
984343
792790
740582
419088
15242
518772
165380
863831
944815
681953
565011
806476
13539
998653
516563
689185
684241
613335
825333
430068
144058
235825
792646
977496
615482
728504
135200
995926
410823
987494
659090
899885
830934
995305
552274
527443
771489
841920
651812
340286
943176
156293
705080
674449
892233
853539
671597
585174
623970
5154
779536
936669
952736
148924
456481
82059
112300
499719
832116
76293
534481
960261
807681
429487
675888
472232
950882
394426
590162
826167
527920
810130
959052
864269
651590
412414
650268
108055
537479
245964
141245
578797
742618
489974
997577
290889
642293
617013
999985
424160
808942
395565
946482
518288
665043
551135
662453
247775
670126
59382
348172
627837
637363
881822
809263
810210
416700
900654
676457
525501
793088
810209
844020
620423
81011
805021
634760
855789
994500
628965
681851
131755
957123
598379
381469
648005
179053
796034
809133
197121
958342
779954
327235
188241
45532
271475
597716
794478
805605
220442
691676
986359
67536
289325
422835
890269
818852
771104
562248
688178
516716
416419
784700
44064
899995
662377
364662
649575
566310
944484
862179
775583
45616
627214
804919
493721
197023
660268
422265
809199
881508
843648
490185
853566
772349
180057
766361
711111
607075
49434
467413
918878
412488
884108
921742
811211
684860
810102
950861
771058
893402
617618
817914
478078
919895
56007
515534
988766
267546
621267
486045
956042
784669
970964
648591
721121
268126
820463
379932
274503
218851
489717
940304
923949
902210
729236
883085
530232
999147
999268
985026
21273
773440
740049
713604
95872
547823
543832
384115
976755
781117
690122
904351
443409
930921
635923
602895
713306
688442
873076
864910
964555
925793
740274
891169
977421
579419
13180
170063
57125
673519
647781
486490
598782
407926
274392
548782
976355
48125
261484
814341
302828
902407
806180
952410
742912
951421
97166
299389
440483
980762
931768
126589
699341
591833
507575
232235
843863
27932
888455
593383
607188
217565
327656
79674
556859
803112
765545
522909
852713
751271
961007
222788
536823
699716
867962
720594
877015
87056
817081
61947
274661
439186
599808
919593
269100
438737
945576
965779
62602
453051
250984
371530
943454
916209
729055
732020
558060
400055
274957
724855
866573
927658
543044
63947
645714
409035
359306
402640
17774
898930
695548
988004
684237
424335
677250
53861
521651
715842
860086
738260
611100
590904
638860
594074
65067
628184
921362
883742
578675
926182
508968
486422
720946
891086
475510
781691
416795
346512
548505
691203
743936
708832
942362
667015
755332
461200
234496
817471
629412
366234
981439
903485
781485
566282
319011
171711
928962
520484
687794
846156
675143
469485
466334
384947
106815
697485
733533
941697
717525
951270
766896
335559
823966
556227
945926
942621
152230
232005
241919
239427
637280
956540
978998
282269
699274
701287
140073
635426
988949
624650
622799
483782
970984
172067
640958
434296
553048
670055
759042
574082
710499
182713
798350
814518
858509
552814
440406
535763
832303
737039
872392
300134
991233
179832
682226
940770
93307
947732
347794
981235
429352
70635
422578
432410
745341
228557
305733
622057
982709
991570
29235
975348
561848
785455
401713
642988
987887
878622
951353
708917
156544
889090
277533
787306
67518
909280
513742
426932
717243
816511
303370
704188
786418
749129
744382
785138
276109
674507
497833
540269
566848
902963
701952
144047
688253
278252
91103
712644
86462
985770
499320
473777
542774
214802
753412
910805
702870
422547
961977
249707
505712
844410
654364
278036
449531
389491
877664
258260
887557
896081
819954
791465
962841
332408
986716
697801
801345
175583
146268
830928
922307
513227
385097
324203
44584
865228
702353
929382
701457
102531
471018
745315
819466
972180
716218
14257
910500
215412
680324
394554
811955
808394
721130
445357
208533
947310
634461
891178
119928
811450
491173
695281
664063
825065
720002
970246
959653
702244
726101
456937
769876
550384
811572
717393
307123
795786
925008
488752
240264
97890
47962
979360
991653
931733
274621
347365
257314
212002
414158
336088
727207
725287
430186
267253
810520
458823
858787
846187
118791
198431
321611
842787
863653
533983
701451
962294
166492
923531
684857
856881
506140
491596
448690
319473
364851
400011
762503
860684
674860
369046
686883
693492
729109
464956
103650
349445
781320
224712
572816
833192
793654
770230
636272
445677
615930
502212
876541
113536
785981
364545
929886
858882
560280
860056
255591
607279
696782
974673
931613
580895
901419
136371
208875
692638
529265
776797
906703
683941
711798
783656
853579
547457
340279
688804
968525
514131
993899
986328
395040
345135
457066
240358
419328
755433
22202
492901
576109
482760
544193
822449
978212
613947
208100
513710
632211
360905
278681
533821
346146
517239
188406
230045
753386
210707
786515
987651
536624
274086
718569
862705
527957
891551
807794
694983
783472
465504
445567
638731
910050
400250
930785
436907
672776
607919
695362
78902
863606
709389
910398
930372
953567
876400
782614
697338
17302
342961
702748
722161
888633
664541
878831
394445
223799
978450
611064
924646
164543
928984
449751
410151
335226
611062
792015
733482
179226
953621
985361
965003
534106
755658
917453
784018
944989
933274
959993
622406
466818
41636
718589
915291
650174
665146
805847
195502
724905
258524
476334
492509
989314
327683
533533
602787
314887
505186
349602
798997
606832
927119
191912
32408
749091
481111
625080
459777
820598
386101
465500
764724
943604
212160
844080
460926
992064
788976
907710
115043
498854
786795
910206
293715
207641
759982
243561
970810
482942
361502
776633
834344
162261
277903
817771
613512
760860
155129
660517
550595
234340
847642
709803
719280
783895
887076
814084
726413
544788
65253
641876
372530
945434
543758
504798
693196
524660
722827
112977
719595
735051
198449
769673
549877
598877
307679
995894
540162
944529
985612
677471
238222
707345
940823
514588
907649
996727
655108
712056
964351
443415
604457
785325
941310
889694
545778
504655
513819
698325
91233
17711
281665
545795
531334
697664
730006
721004
626863
251583
584129
723761
443592
809975
752627
435141
348722
49666
931221
671427
688965
975826
378172
644206
119367
672136
984557
993192
532351
726400
384495
778131
768007
449680
580162
732068
880855
344722
660161
565639
191166
856335
817695
504375
367759
695122
537345
541498
777838
732662
578008
815302
747078
750138
986235
911441
694104
89541
837622
59628
291039
255292
610711
56887
966046
791234
323908
742754
310712
419336
430968
514413
993464
701945
207140
280563
333560
613840
510483
338666
850658
962997
459391
957075
59586
796625
754313
381973
15490
394792
925842
862738
912667
698999
799638
604843
790754
501316
558732
643562
818598
522314
955455
851493
451268
477237
202774
655529
14952
831836
572764
815817
822913
944774
958915
787271
948834
548157
870850
902936
710567
886547
498630
533406
948080
882450
521237
769279
377965
775410
501470
529018
869239
798839
280642
345948
802746
173276
467704
588351
625826
911532
265360
731985
901492
961644
158302
901555
690441
510886
832917
515593
977621
806513
763888
457306
996405
78205
180203
385948
839398
730712
755794
877045
963806
861651
358761
875554
438987
869779
632140
340040
827733
113449
926443
369751
769452
658953
466384
584726
606525
338679
448500
930452
791655
996996
960599
131330
435040
913829
699907
818273
63985
952287
380886
959409
848269
379001
718114
820298
974287
850138
925433
829604
877248
892093
989617
867690
492887
106068
650444
163442
410962
400535
149756
641700
443456
458717
953494
609074
518432
823507
995030
791013
149628
256034
874734
276258
530967
949533
253679
811474
548528
164129
773296
697445
481669
699523
387477
926356
736665
815012
69977
541790
585857
496972
125970
193798
917840
662587
329999
734179
596081
883991
745715
263254
888248
380907
607546
516033
753217
979746
484484
497486
476402
896271
618916
958998
515579
43139
684802
580000
492636
152772
215285
287564
429347
922728
482076
947024
505763
546538
925746
683846
557456
942250
786352
503253
173063
608604
55632
208882
154013
32850
751096
298415
934140
616597
745394
530656
678753
483041
827282
818837
967832
559862
59924
162320
860101
541053
940721
743844
702341
315741
362019
483117
523328
736325
665679
941620
114750
785920
682835
843768
661793
218278
766033
909069
507180
686140
813243
517402
447945
882865
194192
953158
102629
703609
452580
984276
570113
904059
473797
688122
559122
360396
515428
867758
675020
40076
777828
437570
662965
992035
978272
184186
562998
425704
991637
968722
296970
907465
973934
914979
863480
721446
925513
749464
197421
577122
472935
718670
767381
424535
900890
587777
791181
685411
236894
623438
804311
724734
994492
472960
694746
394138
197258
514374
842368
512622
687865
296522
162289
727318
641128
585709
396489
994527
83032
651343
559645
389038
305740
672013
979706
73029
185835
910551
878356
193902
897466
567505
5369
30645
994577
902054
168630
465148
572985
982344
795119
815043
420836
971564
231429
957283
747549
15783
302046
746765
468413
617349
654847
858661
982638
848348
442180
668614
839375
170585
251256
41124
254337
815676
705713
855657
193706
218966
876633
940097
870824
454695
807321
191565
413924
964132
923040
786450
915348
298136
613921
107950
863661
480565
926636
309897
886723
657142
856252
15421
986028
624234
931330
828687
980353
256403
104003
822067
788995
974207
968854
55463
817072
892773
318047
517695
326564
630468
662953
451032
262388
291644
423743
959031
378240
835515
658513
34066
741510
722436
490936
917342
653802
840188
331877
949557
57940
53495
652070
672949
542749
734238
762806
113375
368375
893080
129546
11926
788419
762234
794650
764927
602948
963295
216806
379873
969591
475849
995765
786464
637514
588353
594379
750830
244070
97289
744295
415616
449102
817450
339110
658456
862463
184237
138856
871413
426138
228441
188137
649114
399864
270948
699095
792097
361279
900957
981249
389793
315263
226819
969061
862306
698538
544666
522246
329829
257914
714605
921087
981517
958065
660340
334920
857014
759467
276617
216077
958844
727713
914783
517609
750663
928047
987792
420511
707285
928189
786641
446986
951567
519886
521414
301344
97843
287983
214038
258632
376617
728957
105880
808827
956671
907946
795087
865178
635203
366818
37815
911550
253904
441289
976806
118561
913797
347077
241853
960324
917694
284857
159466
316943
450071
813607
863768
333252
637452
780361
65519
81217
717690
382464
588776
154878
916694
738271
797541
623448
127191
953967
284832
686479
469858
386695
709577
297614
275856
838061
751473
713715
538558
296785
913030
884529
365540
604498
600370
673994
700929
426174
275844
884116
856289
45088
775347
689127
462872
470011
249711
544773
393420
686387
912342
692968
181069
329744
881072
738140
536565
615025
901076
50276
868656
595995
641230
607481
919546
183982
937507
744743
786773
628617
604831
801283
428982
856087
976066
930797
213539
814876
433370
694336
84043
446974
329036
180597
228367
424965
877529
768726
381444
989459
791017
267023
698624
733439
777706
764584
484496
351826
60044
516603
254892
371925
889682
391990
244331
863918
838452
993292
77373
14508
877748
511214
987137
864471
804368
639804
177840
182616
711537
732393
999893
921835
292779
102682
581609
700694
387773
899175
816641
926126
992799
348975
515645
576536
529404
525817
994701
77251
39323
419546
467923
928469
810338
596492
671745
993412
519813
426003
743700
620296
893201
988638
903487
524724
957400
313302
902046
701329
869848
415229
959995
972181
105590
929883
640456
845655
315478
614515
848777
484049
642919
387089
859858
951750
53729
168180
411561
985684
45980
542548
601021
349644
663304
777999
945788
669792
329464
977775
992520
763283
673941
775901
914580
671882
606316
162470
653060
895475
413704
905439
643361
945989
506306
449908
11234
942537
909498
731756
793476
156352
699630
472255
371261
993180
506257
558468
702563
813520
458177
660584
407774
83831
507958
760314
815463
986495
331896
830834
871504
461639
788000
591708
757973
638904
372616
882245
735221
735441
540281
817201
819185
544276
808518
428706
851586
498455
639901
427113
738727
341029
147190
908183
982092
402856
262945
881817
883843
646543
814806
848376
587231
845601
392749
322422
370801
939423
849975
53656
974804
904412
640768
486951
971711
952424
617882
666119
762903
849718
94217
599359
842511
910618
849469
112718
667670
384325
898864
806542
268515
574257
351522
885251
391639
903515
668413
761120
711629
739277
759217
852981
739141
660140
182420
583225
902850
820766
441817
672539
554136
72721
516779
64533
559435
787977
977441
347616
705306
218237
536507
818601
563548
109611
223441
348715
791501
71054
396429
753492
570026
499152
782070
966587
985554
545299
790418
529470
883358
578546
210175
235277
170641
772001
274117
161641
740055
989945
775298
668326
598080
533974
698540
913556
649271
924816
770615
939335
481945
712363
842199
705753
722815
486327
702894
50281
52884
905368
473178
42139
612021
529710
873266
389337
686940
967436
763687
997329
891840
898570
134730
898434
745455
125213
443173
634457
844726
420972
728840
28588
316423
652305
3917
831425
892965
686563
839728
402951
452551
997350
941889
261644
202082
935942
887033
490049
210696
575928
889161
208700
298503
889565
670413
696693
975468
776341
888787
781966
931560
227323
948299
220405
475385
731909
883744
913269
205663
868737
251306
256316
921117
540389
597554
744948
119874
483727
742044
913254
104188
794418
291610
777544
834595
886050
611252
812384
913696
859400
427414
538708
698034
722300
627006
910430
659206
968195
745695
941871
644081
680353
96284
953381
455435
882566
547165
628458
513471
976866
509476
447107
915912
966861
487450
798785
675267
484591
489375
546375
246639
445211
974418
903050
628108
737877
61318
402045
528263
227918
811371
829892
390503
950255
912163
602632
871839
517086
595192
301155
652239
203538
619144
599581
966835
945459
868861
118427
744709
813417
26087
316265
239539
508632
808153
575108
897309
415899
482421
959781
672557
808937
704508
954380
362094
965777
958217
314645
562330
110530
633356
709789
861050
812890
685104
91631
698977
526367
882307
694770
522253
823640
88782
765127
565529
668637
378150
896335
640400
942671
996162
755789
588419
379222
211103
644915
568619
461469
524404
988665
185735
426628
734309
985848
759494
776612
369678
586230
250210
425854
532229
766891
911847
787305
977553
183477
652563
116171
598882
937154
985215
917485
261537
741391
957894
90817
75436
955918
393409
190078
739095
288943
997667
642439
749456
705578
881464
791966
880182
979404
621008
684933
307447
828763
521704
380796
739378
716231
857096
706573
578072
865031
517377
894082
914095
812807
409645
901445
926509
710481
807337
377841
641335
897746
984327
806673
834382
839347
855249
408693
686658
892199
717782
525439
533477
612561
736189
998200
273772
954488
405684
320081
150431
126625
484323
444495
366522
528290
860816
199061
911263
881746
727340
936272
791323
798808
914158
848613
226995
821979
143026
399566
949974
871776
306866
199072
834706
482053
890061
594344
347633
378382
834107
967267
118044
616520
625455
558484
474123
971300
989224
580951
534695
966095
944322
213775
529106
146596
738557
365553
838073
51309
749562
554046
122217
664970
76938
858765
236890
946811
198360
197686
588811
906841
357387
984643
554898
612459
861133
119664
774361
118197
223758
806576
617459
847944
53413
341118
982831
229915
383934
341380
805022
820016
287354
563816
912190
360666
945228
309508
709178
668322
953079
590198
749518
735035
950514
827710
765310
462442
184306
400997
45956
474795
458795
742611
361423
560411
769456
708157
709780
533025
887430
757329
541301
974536
933227
706453
3860
734704
949466
487417
876632
142286
281294
500199
458576
281261
977505
328416
354629
311875
771641
727811
161994
932359
849992
935779
453144
970503
799850
31511
967331
826100
607040
722419
789333
173135
475651
153348
670240
486192
442589
159561
865659
604992
895124
264968
738323
717402
922258
509292
682556
86381
635776
644603
837407
948602
537218
554103
607998
956033
987186
295781
283965
17517
296767
78492
631840
781690
845747
421880
458983
843831
812691
878253
856237
985964
485838
147910
936582
828273
750190
953640
542660
553547
824355
995848
753690
323123
207822
440617
805830
758036
341884
208860
129921
4811
733239
934527
828608
844646
344953
539274
373506
495973
601640
917433
62055
386524
358249
788917
999405
662265
569912
687788
864037
577427
562559
797901
330877
90901
894154
621630
436713
894613
676340
488563
425179
987229
713789
468252
405649
721485
924374
674433
465917
505389
40791
722812
904760
941254
635247
913645
674759
840648
520051
239802
418389
394450
770558
369079
634176
221813
750697
626752
852432
443560
96004
726815
234799
880272
869887
859799
920504
724138
357904
967897
932015
65280
872120
901400
962079
510845
718721
658782
999590
285056
459249
911419
855355
469502
366502
551394
767447
771810
358618
200338
953464
239773
969675
869535
165560
866680
759652
987021
81557
376033
510711
318556
264142
904240
385653
686834
788734
925993
729405
683036
974629
712742
374900
651058
584806
659058
712727
821924
910417
999987
93709
335258
631997
844363
436597
900429
186962
776731
505014
144939
912302
602690
732488
622946
988287
559515
65952
482210
187063
32871
795055
645261
625054
627004
677075
667537
495659
799737
862866
892683
889893
387226
411951
821079
639447
245183
662576
118616
764574
892854
816409
285927
212048
699277
874819
275282
736580
854568
684502
853302
75168
573017
397876
792154
505024
424218
109718
737189
594509
586079
447828
234785
354982
602836
212740
715613
524773
525480
950143
228460
786200
76105
915874
917716
486612
247822
28940
921151
377237
829685
978959
925293
885047
448395
715333
534209
695509
494983
947755
773345
463788
687511
688554
693398
188970
871796
977036
771549
718211
413078
704593
435261
564004
539397
835452
774905
504474
676419
257648
398643
576696
15447
707581
388316
809981
366928
469033
706262
969578
909444
916649
100314
696799
985844
878782
240814
600567
719138
362013
897034
660182
702389
845423
49189
953530
830226
975115
739525
935827
282711
202288
863611
608814
556086
799449
219357
332838
758252
810045
494704
469490
445679
919424
811015
881088
797054
411525
655309
877441
874180
704059
255731
154518
722311
748923
622161
375865
608719
147797
732902
858153
999374
406755
323895
831570
827756
875580
876952
798247
399867
431455
692068
742144
824888
826189
647686
852564
587128
640681
975228
738640
904453
683202
812742
721433
143127
365258
922060
341831
209967
799806
64310
918592
144907
504369
769430
384589
674773
512992
811778
38151
780804
995955
904319
507075
891896
911261
762592
98220
450794
528194
900133
682935
782196
470045
690332
920561
735360
879886
464532
574886
895915
511296
311930
239171
438381
256925
887864
620107
816667
148819
818875
953566
795946
591219
732579
918775
512080
221419
581334
152682
722304
296667
121508
737893
331551
245537
377698
787483
23052
551441
292029
138732
305911
824328
916392
382264
500136
920185
949875
687910
592026
206594
168786
887202
561215
786291
956168
514259
122881
856324
432555
718556
680474
874459
934232
408052
847310
181392
344044
970124
840593
560882
511403
689632
893486
338717
814050
637360
872522
735480
696031
912457
518756
685576
576076
966259
644980
973521
278805
50399
39714
487918
223508
321731
493038
100625
652817
134658
999517
914955
726898
392915
284107
439823
995016
716371
687951
38859
920463
300443
348982
670052
766128
991063
976940
877371
194505
677094
320194
641249
821081
608773
378928
998450
159434
964698
790660
834027
133895
405340
764377
370424
520514
964429
745355
965254
779976
539277
817367
608706
715434
546728
810988
285246
405949
225590
25298
696265
886474
555470
969074
499458
529398
78622
430043
323540
140766
263807
897233
409102
584487
837693
274606
981868
211847
669205
912280
813645
448019
617201
890503
804421
544532
219540
647360
731747
913463
900916
783438
183438
825971
568857
823159
760552
841924
858125
162281
433413
646058
896621
634026
918408
435613
634743
959008
366733
815182
947429
655645
896015
25730
246748
268326
197799
633415
854621
77911
66394
235607
909288
897812
756368
461392
636349
364639
748959
425138
547953
263174
898551
848872
572081
399536
313042
281039
175503
777233
650538
102481
379757
566778
573485
782520
192304
194262
520774
834481
305670
815038
826940
827689
90715
558511
952016
455790
538072
181507
837291
863324
469199
599998
961968
748835
691816
680689
657404
232683
806339
715257
987041
945741
747492
785586
771376
464223
581725
111747
665190
317684
329266
783269
982196
481827
939594
752451
637967
607201
929720
817086
340826
476974
403140
673812
601528
453333
659398
749715
278365
440493
794460
339530
171604
697667
293655
536197
982653
70399
56973
590708
408256
581747
74917
867685
621745
101335
252199
777048
41046
901975
678209
97431
211573
860029
956562
917697
587088
564281
101058
860624
428305
256476
928198
967839
395482
416144
252167
864438
454650
957051
644297
558733
969843
711894
203054
570589
258084
392611
335524
426330
643277
70729
101029
693227
307319
299620
596274
359494
480086
930035
315747
596983
352245
403653
670620
780523
963934
691866
773300
861322
975942
843565
418896
42514
555093
837239
703174
581641
159999
900968
69760
978839
136140
706590
283766
833644
913811
811060
780806
242221
332604
732606
919779
447418
927038
942757
487759
996691
853467
556381
746006
443501
995166
876270
654263
929348
945297
172216
861056
968798
881606
623178
66628
789951
584937
959184
650294
932511
328348
492555
399324
963127
659167
748769
800470
415053
76840
300578
154027
652276
370274
608526
786890
694342
909386
349294
40654
555620
708634
674200
561342
538826
694907
803557
607393
392446
755345
676669
930659
536750
710448
183714
894204
172346
409707
495554
260222
190812
604876
351285
297620
929525
766861
288661
696088
416092
648138
640265
420693
888793
130410
596843
242458
935284
240302
88537
288466
900561
950048
28743
983734
918074
938873
285714
932240
936923
650485
710997
958073
932706
809194
602815
958310
123826
562071
458434
734874
671372
804257
533272
662912
188576
219913
86857
888386
511709
368065
680897
135263
419270
405166
985457
754162
337273
725667
289091
378121
727282
973868
539612
631004
222786
497645
648459
904926
913362
173475
944826
260071
793016
692888
388518
24112
873623
954498
908721
131566
408516
635642
473389
828671
684049
297289
915944
1033
988277
830615
515098
932300
294467
614695
997235
905364
471698
581384
396713
924739
364892
998169
590957
106041
731896
886416
305183
695059
603847
561583
442188
567831
608865
151373
517094
922756
413654
564131
665852
807576
765567
746060
572684
786390
213289
891981
640360
705481
879705
939163
628287
81399
412907
342967
671324
290065
2766
457279
775540
808083
772930
347401
221285
598602
281693
539855
216919
782448
599213
240068
710681
470672
689079
174152
872139
647205
664239
980507
394122
436522
454784
698357
553331
789548
530452
333782
711097
703603
471200
418284
682058
623800
742937
560302
425176
826260
622695
279298
578386
874627
808267
70801
712664
778528
783419
534164
507587
186738
124525
835350
874037
416389
675544
247638
44756
431751
354467
903931
56141
383952
222111
281490
952104
618372
652151
740978
578158
829522
272882
379434
751533
392061
693741
943820
580798
943431
973717
507411
571773
754222
132775
193372
646404
185680
761497
750306
183904
326999
692233
626834
412598
363504
204027
576725
388955
612384
895746
685184
296670
768087
716877
148650
901307
216065
607784
895724
897786
599873
729096
865361
785980
215602
907356
835101
895955
963259
190216
443110
741771
225435
838225
967235
250742
960575
650475
586918
842193
948561
277170
785427
774435
966821
445067
652149
662662
908597
339877
165963
922029
49694
526809
421158
980367
872081
882233
806555
548746
985432
881677
669527
811771
610744
383891
891016
430217
881695
86903
577078
388975
501632
956046
210541
746503
652841
947212
193206
430870
201312
666154
834939
891185
823756
967886
981150
624310
579886
495612
405272
938756
548725
350703
966431
76486
830092
875328
130125
910868
851264
709358
253439
911126
621096
674155
665795
750608
456161
963740
139133
495431
515344
559812
949200
716632
769174
339941
798843
941688
636005
226544
768675
920732
588232
325101
164190
163597
841460
876504
417638
694610
304916
649948
391998
743421
592936
149031
377872
867535
992463
154995
172576
644483
599706
663062
745872
391482
449317
936762
999064
812766
973849
624859
293350
917838
943478
674047
984666
232390
851244
975662
260035
781520
585425
137935
794254
986722
97327
633243
348977
530190
300855
629240
77120
545992
876218
888528
577784
493619
530031
942639
478531
215969
993432
812759
77621
906881
474452
138489
11216
970395
913903
501918
881277
185045
793592
800627
527339
378397
343386
842770
590733
574264
847734
660959
303943
209913
542429
814194
926417
997160
143866
753466
744246
375391
507512
548312
400888
223530
138804
393724
947254
623526
583399
617778
833481
830948
705905
550165
798459
174379
733550
467985
389469
616163
330535
294410
272118
115802
751958
500577
756618
382280
954537
185818
214318
806944
37866
737985
405093
840004
646935
516274
784396
625419
619234
664518
164060
401907
332001
987492
541389
849745
734965
988071
172172
763725
575500
223772
379426
447383
747721
198742
497060
603487
4368
596206
525075
483082
503268
964002
663921
341698
439505
80973
678940
230321
699134
642689
824883
898057
759567
324464
933941
967385
674750
542871
522268
460625
102532
421368
341877
703754
562127
980013
878950
686286
27655
876372
959333
880742
481694
938076
458783
330140
516214
247580
421630
663797
749762
478081
63298
540246
413339
557798
631553
531724
414971
802170
511927
343710
789991
845497
830985
747190
179592
676277
917569
720363
425212
869584
927350
31893
653435
813413
368291
342869
159794
325508
659568
995624
876025
785639
723481
56660
383701
271241
523296
224893
824983
79967
953527
898626
867196
895943
916230
447826
932448
859156
256135
705610
620809
698685
518364
880882
119323
497664
431408
361666
961050
501309
850105
426588
749007
986285
952893
928686
315898
887250
790739
913972
899382
973319
111973
916069
957211
120740
883506
759349
855016
865389
756884
734085
601516
868664
426491
178975
806812
404271
917617
879910
184738
498969
794028
240135
846601
899956
73449
248700
252942
428388
721748
977322
67709
538024
174472
566742
930764
888358
987511
922618
430074
780421
423408
194468
136431
693310
386229
657716
513847
388209
978636
87443
461503
812996
188104
443500
518812
813646
756130
13231
892944
85291
672000
622756
628775
477189
485369
623395
386560
962382
369381
888959
602347
738658
874929
282089
337852
920017
919902
559604
941065
671917
479818
714139
779121
349631
451775
475141
530756
974176
992331
397465
271888
866529
375523
975812
726238
378207
984939
292795
663228
697087
574156
896512
975385
429152
836410
717610
930735
288210
967335
857949
544216
12380
636567
739510
649248
705206
87462
551925
975123
671388
590197
707669
416528
679642
671602
773411
931743
803881
376026
51186
961404
976340
525140
729325
784739
141459
176703
817194
994075
833637
896014
436059
683125
299974
597737
991560
534681
965694
678596
725233
343038
698097
29106
783617
501567
986745
625044
636722
734168
808888
963060
309904
462712
468160
261303
631636
437920
337577
989062
456394
16473
933008
747989
674954
544095
771125
13380
826397
387884
840531
621454
790679
358641
692720
875759
19660
847133
829002
749259
839489
744699
462944
911664
643355
745385
987246
726847
967656
701409
954259
294343
996198
501890
901384
336917
459707
707898
197055
35302
448655
722604
213448
852726
561554
780825
142348
861729
618137
616204
627373
678800
654851
245087
986334
907042
180244
900958
57097
648467
332104
678558
966020
253799
754056
642039
546886
971168
241646
729779
143442
775551
546879
807257
785504
718638
885479
185524
178207
998925
520868
946659
655272
533529
623282
593195
344555
723956
690424
944745
160306
249416
811307
940324
591788
108971
576878
250178
95348
741899
818676
251606
806192
225959
807431
226086
989842
951773
93879
645851
775456
361530
85914
798977
628140
775468
707083
817517
803550
217140
572427
866185
212986
681567
977943
315355
709006
713491
703092
976104
278738
947533
968346
246560
678498
758861
620971
202745
326560
333791
353022
552149
530602
68508
931095
644922
554745
173763
762135
384554
426743
851161
628339
877733
957194
999052
914323
780090
312061
497916
559606
99223
877260
907518
956869
774813
869590
654810
542413
587519
734889
810455
772447
383734
255604
689907
753797
157896
866541
845161
683871
423478
752499
523684
831921
481763
796803
744127
698092
583049
113383
679652
302638
269974
945450
524485
765522
683673
903131
220063
708031
703176
305483
859479
916426
275865
922196
307541
379401
838714
997001
949355
930895
308893
682138
795203
957130
731314
612558
464006
95344
821468
821139
489076
949745
440100
218686
875480
997791
413621
397601
938780
63756
921741
273625
549948
855733
25408
479893
777890
723655
560847
542142
902452
757879
439292
253932
845502
237884
81890
656701
928419
658720
493454
367776
787525
832162
633265
504861
417066
481416
364791
696532
313858
703921
437865
449471
979724
588971
969082
936026
797437
947968
642860
669612
949940
802432
390823
63003
906149
34888
741861
157604
913210
962733
663043
335198
354447
532941
729785
300211
113023
848301
633785
858111
749851
782410
903381
570006
764763
840222
801486
935333
266658
529541
556200
277250
519204
456844
985055
3755
922414
735854
445978
875827
212220
714259
878427
56432
803081
578692
635206
522807
479489
835372
735435
406905
277349
910870
428482
994593
595666
516598
613783
664536
287342
909397
796131
692777
785335
518244
Connected at 999987
